112034
112046
112083
112044
112009
112004
112066
112013
112013
112017
112042
112000
112080
112013
112043
112018
112058
112061
112032
112009
112014
112072
112095
112068
112021
112012
112015
112043
112089
112051
112044
112080
112031
112086
112031
112023
112020
112028
112042
112069
112018
112010
112026
112097
112095
112021
112056
112064
112026
112048
113048
113042
113096
113021
113012
113062
113055
113066
113096
113071
113043
113071
113052
113013
113018
113099
113056
113050
113017
113064
113056
113049
113099
113067
113041
113014
113032
113060
113052
113090
113077
113044
113023
113034
113078
113092
113000
113052
113055
113099
113083
113065
113099
113090
113062
113097
113041
113066
113005
113077
